Series 1: 
3.21870410136473E-12, 1859006.94225698
1.36365911854503E-11, 56153001.5039311
5.65360180349165E-11, 129498148.581991
2.33970353837602E-10, 321406036.064407
1.16607339237619E-09, 413196218.402198
4.85191119750205E-09, 822710712.461253
2.24971062282244E-08, 631458572.703197
9.65245739121494E-08, 360692931.835891
3.83218570164423E-07, 153329407.408498
1.67113605380423E-06, 45218823.645364
7.19599089355149E-06, 22300379.7337739
2.88803161948127E-05, 6100996.46463736
0.000147884859133629, 2606182.39757792
0.000587127422263842, 1107879.77071019
0.00236062762218223, 281631.522132945
0.00935518449200199, 128845.41620233
0.0402838669291415, 63542.1595838674
0.179839699403568, 7212.02574323826
0.81600723977006, 13364.5272289301
3.29273434403484, 92756.095710373
13.0256014130648, 45669.8994449353
58.4660216008407, 131499.983267586
296.6923893598, 81101.5504096662
1045.64801108839, 138966.268133572
5277.60686826938, 106834.742883808
26350.3186263972, 127618.881399334
87973.4354406096, 62631.3428445733
412351.950397368, 30937.8496352336
1830927.40643752, 0.138415611849863
7757037.53608148, 0.132213876971343

